1.72207553838668
-4.79626169612671
0.471349250926175
-1.82586444357521
8.6298657639513
2.74176771321957
-5.43404552251807
-4.33743878031105
-2.03022030697371
0.160533258039491
-0.965647705851388
7.70144387298797
-6.93698255634287
-0.709187079603907
0.611552013379358
5.64415386799233
4.6284843332687
-3.09884709607021
4.70970804463688
-0.385422144023596
-5.2388249742168
1.2561090071927
-8.25320997466133
-0.986619343557548
-13.3279680980142
4.00972931513941
-0.0607194993092362
-9.08944632923923
-0.104477075121959
-1.67792089976016
3.54811633627356
2.68502992174421
-7.97094894115829
11.3789787950461
3.043607790028
3.09232615379076
0.666824411200239
4.53333622573618
-3.9987203206677
-5.96866998777312
9.37084016431607
-1.67325298405184
-3.02053714926918
-3.51744588178927
3.31652751850633
3.56837487765323
7.08673211212514
-5.10063833520892
-5.37137399873222
-0.786572645259467
2.71707569694705
-7.0080391787595
4.43596208594305
-5.0565560581466
6.30770450622135
-1.05549591584123
4.97244203645081
0.964991598293741
1.86916801759304
8.71891387364555
-2.89294106088571
-2.432807142128
5.50428506399127
3.45759952608222
2.97379608049912
-3.10674772634456
10.0154949819711
2.18739229805965
-10.0354574795572
-3.85211318996726
-3.42349565244493
5.19778491781403
-5.14179591314963
-3.28111612766347
-1.59220442952909
-1.50831615035175
-3.42216695517628
7.27256921045729
11.7810471522695
-2.3109135677762
-9.75640152150472
-3.89155184848563
-2.64156917943577
2.15181449517494
-6.68945492473409
-3.25611454445462
4.58627713474956
1.3566307440109
-7.5382420991161
-2.93315611210418
-6.26925362012438
1.6280184822879
-3.55122072342425
0.468306221601428
1.47429581579589
-1.0609831024764
9.88856124765632
-1.73702716574423
-6.73584013477662
-2.01042753625237
-2.67351271531522
10.1264703350607
-3.88093583011317
4.54023175915408
2.01814236342038
-0.623557671657642
11.5408133598194
5.76875347110296
9.65369769741366
-3.23736021942094
-1.56747098496454
-2.47751906401674
0.778284091870387
7.90193503102061
-7.06365008652215
-1.31542426910291
-6.76385756674269
1.24322390493313
0.452089007815271
2.04171587884862
0.19055259733326
-4.48538758441071
2.95518026848707
-6.85179394917045
-1.27778894101064
-8.63846661218481
-2.81613684373611
2.45295023695771
3.0771118629653
8.37845187776408
-1.08580182966499
4.21951635460765
-5.84653325809305
6.78977532085265
-1.89239680565893
0.362493143653813
1.920136711767
-0.30168165381971
4.35897303706948
-0.144885908353377
-5.71184281292417
-0.56927301664006
8.71825334958295
8.91348837032301
-4.16032215116741
1.03527297962446
3.70512448711943
-0.199542336222657
1.26366695850622
-13.9275983889041
-6.44920012420182
-3.76986428800524
4.45617853318752
-5.63235684277832
5.11247279746022
-4.55055705499114
1.41031482739322
6.71011138361111
0.875668279472247
-1.04337485567424
4.14552105106239
-6.21640251870078
-8.83210454480551
-7.75104605653399
5.32497414048745
12.5174963254414
-2.74609019456151
7.21945324616741
-3.63896321418342
-0.546364742572025
-2.50303613665148
-11.6900969688747
0.844105909173837
2.65514951561356
-4.07893695973119
4.58086390289203
-4.23439717228411
-2.41420595270411
-0.816191512753842
1.92046712075817
3.33299766156181
-5.4830266663719
-12.4908198741117
6.40665577591863
-1.24143874932102
5.13399964074867
5.95077502127303
4.02608206100902
0.523300460446157
-8.11888928274038
9.84311927707332
-2.62119148277055
-4.42031485774371
0.828283147272284
-6.0867678304317
0.729454454118307
4.10379812990957
3.35301599253404
-4.92161706848987
-2.81602345587025
-1.73556675922098
2.75663599931739
2.13062236520068
-3.89237296099829
-3.2160578327976
-2.98693425335884
0.993749098163094
0.43657888425586
3.30252035186175
-2.45165475916425
4.24020605087747
3.18025533529766
-8.67032567756254
9.23186406755567
-1.761673806824
3.87362254193953
0.0243572061091013
-3.18532782971519
7.15678642928913
-0.205240189369695
-5.03141865117116
3.17648262029122
12.7928878578012
-1.53250783427929
9.44168437316111
-8.90707935063157
-4.62481273698194
-8.68061730825027
0.331330606461244
-10.4900695918438
11.2616456982654
-3.3464941625726
6.70237384947717
-1.6607757551097
-4.90088015525529
-4.25299784004154
-4.359845939277
-0.135117478983099
-4.48364686642689
-3.47395257032953
-7.51714928896375
3.4143364141888
-4.97787195907886
1.45490531553805
-3.73414982190787
-3.59371332591954
-1.27198653540148
2.12196415675544
1.12956761284149
3.41607787049457
-3.08825158886048
-1.57814223739305
-3.84993690067415
-8.76552708389998
1.58830974214985
-1.53283845894549
-2.97588430361317
0.781338958887525
-7.18301069144745
0.0371337438228342
-2.30228829993699
-2.27794052282979
0.26370101151208
11.5825896517904
-8.35666803160214
2.84710964947643
2.91876509122554
0.480198357765115
-5.91270980836434
2.12721423210928
0.425942843328457
2.45408931430725
7.26374454247121
-5.24382919078864
2.59635046802685
1.50672018447325
-1.09057057079184
-0.87531676383047
2.27519161553333
4.5860755643086
-2.68204646206561
-3.02868946531527
8.15181230995545
-0.467812658836131
-1.31617712014716
1.75376634921366
-4.37508644281222
-4.03054675774726
-3.40102321767197
-6.35051175700586
12.086735578233
-6.04838128390354
-1.94131879070796
4.46780001538034
3.72460871613315
-4.21208907469074
-4.93245553238422
-6.15090228437138
-8.17972378799212
-1.36041996636852
-0.219096119952975
-4.19310713578521
-2.69657782252656
-2.73142284446953
-6.83536202769457
-0.493239790299331
-6.05039653698125
2.24335451933152
0.923521480434829
6.0760264818535
1.90399875048943
6.96402923920214
-1.28687442081001
9.15834230167868
3.76925694909343
-5.02861753860459
3.7520312123811
2.71370136798193
0.691916321989286
0.876602454898847
-1.65137593696773
-10.2179593758571
9.51130197981009
-10.4882905057537
-5.33873148778266
9.1312935755157
0.801059070735992
-1.02582897770167
-11.879265048462
4.96916694662495
-2.84345688261662
0.43882999210092
1.38574238031675
7.28649161657139
3.25251818877546
4.17240429008985
-2.71399885347866
0.902426603460382
13.178015860344
5.468504674951
-9.4969838801882
-0.336111604932583
0.316135216011559
8.08984065492659
-1.17635285519526
0.0135186552397499
-1.10225655008335
1.98714631081687
-10.7058764277734
-2.20014888305989
4.6234633869611
-2.6958036247125
0.972795612286936
-0.725641585094072
-2.07133632185006
6.24413131884986
4.9772358566881
5.7514010114844
-4.74983499042737
4.45152934717758
-6.29997500295578
-1.47373516782104
-2.29812489969197
-9.03951245489093
-2.84911459647682
-4.49203795667661
1.80475385097113
2.05247339663424
-2.86961827022879
6.03661211216971
-7.50164306517519
8.65897415519742
-0.763878612197433
6.21884279587983
-2.00758415048873
-1.64156669370604
10.1800930044305
0.115762181188713
-2.25293225965748
9.8874474830803
-4.32970935208013
3.38671972459606
3.86812372057553
-7.76792287515314
-5.13614006873414
-1.94785074951317
-6.85021206570073
3.60239900927268
2.55580751103893
-8.06392318743254
-3.19258930157538
0.698907017345093
-3.88421388730634
0.503833144266356
5.61284540178123
-2.27447734422091
5.93524325371783
-1.12343441857562
-10.1755439875911
-7.00614341713922
-1.86329836425856
-0.810159441159541
-6.51380919778861
2.98243518327121
5.76416115580718
9.09527614761582
0.0912068795933733
2.78597644315051
2.92943734953407
-11.9518434052168
4.79878817584203
-0.22888243009934
-1.76843613660135
-1.07726963025079
-4.39265132094981
-1.72558728747268
2.06133284155648
0.220894017978667
22.7540425295942
1.01129448910807
0.320614954982054
-5.58635363180678
-3.25196502305784
-3.43183884934845
-4.42901050241149
6.29513975342053
6.1118294466207
6.14416083188901
-4.29238954124373
-2.09303362022083
-4.73265771711708
3.42592498339153
1.88036447671345
3.69910895022538
-2.10133116333099
-8.58786626972418
6.29692079668481
7.06005317083802
-0.110500417642162
6.1520859507351
0.263893596498637
-6.67614146974188
-6.64063203348532
8.35842814525676
-6.75290472383951
4.10106240658105
-4.43338843161834
5.60480981237331
13.6248779398255
-9.46411734705503
-6.00126595307926
1.27387559801883
1.05196625075471
-3.46403917962078
3.9316234380517
0.662945542158593
2.38514466872349
2.76863900052814
6.12868786361919
5.87373130479575
7.68918643326219
1.61719460204118
13.6991971057601
0.193874811503843
3.5413732367941
-4.99030106473616
-2.82412663840366
0.952335903301344
1.74103287112153
-2.68402972853935
-4.08244795507707
15.365200618765
-0.540186093352363
2.48658687572924
8.909631151886
3.16843638040542
-8.34229201321345
-12.1729298866878
-10.2792962970795
-0.481800208294625
4.76466122259572
-4.82109208910177
17.8075773912407
0.723471800317774
2.58757957678576
-0.790112909658549
-3.20708787795174
-4.41841234353535
1.16506690091028
0.804643741587104
-2.60243637740356
-3.1454251872391
1.52296157223966
9.08186324067835
-7.87307927147229
-6.32425495109038
4.61097772009576
-0.929299833318445
-9.53973284791381
4.85940780661844
-0.979686111313414
0.458625038840143
0.586860152256933
11.6991388416657
-1.02481868920346
3.97893900294363
3.8445277948961
-3.9778756408832
6.01792092297734
1.16120650863717
-5.84567546929173
-3.62590742157276
4.41967199332344
2.39557518634702
2.93592062833613
-3.3779310153311
1.38977246082028
12.3933304049125
-9.18931808080516
-11.5384570853876
5.91386462411518
-1.34719634994128
3.70416893309968
-7.13338705085553
11.0021481536728
-13.1752269938163
-3.26088478037366
-9.89020204307134
-0.42986236675201
1.32468944676895
0.867741065658052
-5.66342304094489
1.73120401059392
-3.15112037616159
2.60119495102804
6.84443051811945
-0.480798134814158
-14.1754283033746
1.31031767752781
-9.78864152383631
-4.13936048820155
0.00318916115065323
-4.03320520871666
-2.89368473625431
-3.41886785170452
-1.17852522763759
-7.79991439862429
2.19142199012442
3.52847301263025
4.22793020936024
1.54382211742686
-0.663996832356291
-3.48202692718
8.24015444108892
-2.4689343896131
8.56979241668723
-0.348308897140409
5.40454140239805
1.3532738878862
-2.36984623938759
10.7102319038238
-2.38682739465691
-4.12082101226168
-0.692641993415691
3.15903910786282
-9.83565426514173
-2.58781983368936
-9.67941636590148
-4.36649987987311
-2.36021643017805
1.40438168919734
12.3069636420043
2.2511704508867
9.39286580713274
-11.0857927266563
-1.14187938719573
-0.792089005408923
2.1861291543849
-4.0590380752961
7.15569526787788
6.34613958743327
5.87128486419961
-3.89520766010871
-5.54524818960406
5.86948069202035
-7.59721777658832
-2.6992063853027
0.352815464365341
-4.15078497163957
4.29581686579064
-5.15519108487257
0.729211648531491
-2.76806854232427
2.06707141111881
-2.39108521086258
3.56496918857862
-2.65036625932005
-4.73012738518923
-2.62135520150927
-5.91632363896095
4.05992458131312
4.34521763059291
-4.91315833039418
-9.04859105796298
-4.06448253402437
-8.71625861408292
-2.23571611164423
1.0543510614978
5.07458200835396
0.320037157520188
1.62026010093609
-5.62691437096358
5.9589140632642
3.6340796528666
-5.09789864150803
-1.18542270719396
-1.73652061642996
-2.93066876742871
-4.5437370828521
-2.84065492455239
-7.16971390931425
9.14084806917584
6.98676960883779
1.98970808563261
10.3254362709829
-2.38960461508135
-2.00538391654083
1.84032089676374
-4.29840781458986
7.73400206868574
3.500551593222
7.48988666510343
-0.191028825754545
2.18959666250815
5.72667582571229
1.16949962175802
2.74940515151419
3.1755888925378
-5.06700866300055
-2.22490060390308
-7.83265208261193
-3.64605397931322
-0.764788319762622
2.99130155981044
5.68089210306934
13.2574822040311
-1.48089482248407
10.3445640361426
-0.210632532902088
0.0454157553928261
4.36379108048596
2.1430390410453
-6.98108961975031
5.70042177449845
7.4386734154767
1.29905387601609
-5.71167805114964
-3.81956912986835
3.53567744684373
3.53829248895963
2.96898459987541
2.2683432983328
5.08906860462789
-6.89791224470196
6.07997872000915
-3.81734182348492
1.17792207134918
-1.03874539826602
5.69237167337249
1.67358684643912
2.98596812043089
-4.92730482207914
2.7385569460016
3.89944629407719
7.93299367248897
2.71461653049504
7.41733167246795
-3.54033252229792
0.727705630302068
8.18462128104025
7.520623806428
-1.42240020262842
-6.79699923089027
-8.29607367016136
-2.63332895816674
-4.83543735580873
5.78876784453798
-4.38048273773445
-2.47148725599028
8.20614578821093
2.46784661443155
-6.58494932022698
3.81608645980932
6.40049363030769
-4.05954746740656
6.11306770304093
4.80545487031561
2.44872233454687
-7.04522707518255
1.25931813979414
7.48545654685924
6.54339077175891
4.8105293975887
-1.11866243085097
-3.88440932306592
-7.87121235407963
-7.13080383856415
-1.09920472180486
-3.50633576392727
2.71686946789782
-1.8611953309799
-0.187018522665577
2.09798222293718
-3.70040512894636
-3.17177153235216
-5.91268167670798
-4.0161208069757
-1.75425968237578
2.07555418989055
-1.34363533763112
5.20165286976496
2.76291335585699
-3.42652099115216
4.72821688751145
0.451259936664649
1.89289085104784
-7.85254600164151
-2.51860855902298
0.95951210846673
4.38254695160136
-2.82412897047491
-0.236627678542821
0.636694130926861
7.99628392572503
2.37112405957233
8.92097450651275
1.21415572326039
0.164555607904149
-3.46344218921126
-1.77905300168501
8.10108482694386
5.21180021569883
-1.09267622123153
-0.13789844886255
1.17522103621943
1.47813770048714
4.18255659881529
2.77094753012733
10.6957442461817
1.39480174075222
0.791674805392871
0.132045950623903
-1.01847156184807
-1.76310044128286
3.03887430696064
-12.9329531455147
3.89040032227484
-0.0865753608792381
4.99482203836984
-0.897186339637361
7.22866193255321
0.845626733620943
-3.95793876708185
-4.57613487974182
2.76766137431808
-1.57032441836401
-4.41982935046328
-8.56304926366281
9.53827148525462
-4.2344045285253
7.85614965153299
5.44177681013429
0.354981965515174
-4.94240163809778
3.86437543072073
-10.2615509181611
-4.61938687278997
-8.49862346644472
-3.44489379391474
3.97806999790722
2.65680515453732
-4.16348431917231
4.8380132643636
3.25813513519777
6.61815147759692
5.57892072018641
8.95312372616148
-7.91541909024721
-5.43639210390421
-2.81353706195753
4.99586749190933
5.41077006993392
9.73104319632128
0.428940601899708
-0.130149823355225
2.54462813534215
-2.01287218505934
-6.72513115926276
2.04150847182484
2.9646249558261
9.72794303346569
10.6034367051881
-2.71282038637443
-1.10534150169989
2.23889719341434
-3.51977529051264
6.26648066048828
3.12966956199988
1.68878707577874
-4.46163044115466
-3.98497664281123
0.34043432213219
1.8310105218304
2.55702232133657
1.00852360334586
-0.358819965921621
-3.1550451351904
4.45242061698571
-7.96581973849523
-8.03678973259872
3.39582684263322
1.51585397496567
-1.24514608074511
4.49878952643736
-1.43773614775268
7.04786320443298
4.64056723000679
7.15705873713597
1.67200784315603
-1.93997909258542
0.398993938379961
3.52612610942061
-2.15296386333439
-1.66594737696349
-4.69295677676111
-8.63015236545325
-1.98459736169698
-0.735842720507946
1.51151915657671
-0.376510397125598
-5.97457540582961
3.22096557741959
2.42091554141582
7.59779051442892
2.47036072904131
1.60752739728214
-2.39117760195292
3.31234762031018
5.1990575944709
-1.03244132428591
-1.96483516861447
-1.89001138101957
-7.4602792359376
3.01483865148941
-2.56953716021867
0.657140502607369
5.0677573964051
-4.24806950586045
-9.3202012164997
0.391015794082618
4.43041338389375
3.40127251267922
5.64042452588693
-3.3131147286651
-2.13806759117892
-2.5329586740504
6.88763678071067
3.83559270726918
-0.215992501048919
-0.434599885668954
1.57313848471923
2.98276181532108
-3.0480705692911
4.35723786045184
-0.0590558460974801
-3.50256020565693
1.6673761421386
2.43983653692334
-6.52783050598121
0.977053196320905
-1.13045943041909
5.12084072755025
5.37446945908489
1.0554210768447
-0.202766522889901
0.0695836219117924
-1.6890428317265
6.5030378792736
2.30611660927959
0.286160206949231
7.59917652281955
9.7442317390283
-5.03756729941689
-1.15996212871299
2.61225530261096
-0.916539836189653
-1.91690073237784
-0.943006884896624
3.36636653426238
1.86340032468177
-4.11405492011622
-3.57654670975944
-3.68551467074839
5.3842273814068
-3.78973226855888
-1.35997511160692
-2.85242661676302
-8.69875544280745
-6.46179869387421
-0.708315989694974
6.9715255901171
4.02500689479853
6.06502564615293
-5.09492183543397
-3.84416374115257
-4.82622439057162
2.87896461979899
2.69655456396863
-3.12238873573565
2.44422252952255
-5.19785768110334
-2.57955518212218
4.85946255895114
5.23954950367509
3.9031173430585
2.36849758233161
-5.52776711494973
2.22208124484668
-1.46967197944811
4.3857031774291
8.92085968288035
3.94126690195685
5.93776390983606
-2.45960464697788
-1.51106107332605
-8.74061967061283
6.71112726798919
7.01504641571931
-1.17548064935297
4.5158694152844
3.17320566115608
11.2306114247039
2.04211704012502
7.46004261195207
-2.66606223459965
3.88157184922734
-2.18261953808474
9.50811339844738
1.11854059230209
3.85079688727364
13.1739524835998
0.375827742279782
-6.12707615995546
6.14889805788589
4.06686030817539
-2.03161715633976
-3.8589725488969
-6.59176052505642
-0.922404488112574
0.31909544836683
-1.74172455491823
11.218373085075
4.33742612293083
-5.33499705747451
4.65866687172107
9.95770914423188
-1.95926992359342
0.720275049189223
5.25792995713507
0.383691936514248
-3.30321874014839
1.64487100611967
0.0959656830964896
2.86497524134351
-0.291414602173548
-0.358195361987291
-10.3741901406718
1.31472225793123
8.43424410433464
5.47521743910664
0.184147645396426
-0.839467593647501
0.712645464587593
9.99844452266792
-1.48014305623199
2.65123190115111
-4.00090126689129
5.36977565809664
5.61133861743266
10.5630043539998
-0.522796273328618
5.17071200562496
-0.147719996736431
12.344953210873
4.6627036063974
-0.851219268334416
5.82777126928969
1.39359139532307
0.949028940273707
-4.88072181850223
