
Iterations = 5005:105000
Thinning interval = 5 
Number of chains = 1 
Sample size per chain = 20000 

1. Empirical mean and standard deviation for each variable,
   plus standard error of the mean:

            Mean      SD  Naive SE Time-series SE
beta[1]  1.66418 0.04882 3.452e-04      0.0051033
beta[2]  1.49310 0.03003 2.123e-04      0.0014704
beta[3] -0.53051 0.03307 2.338e-04      0.0017440
beta[4] -0.20185 0.03705 2.620e-04      0.0021359
beta[5]  2.42315 0.06186 4.374e-04      0.0066151
beta[6] -0.02487 0.01464 1.035e-04      0.0005521
beta[7] -0.85359 0.03880 2.744e-04      0.0031083
beta[8]  1.14910 0.04744 3.355e-04      0.0040783
beta[9]  0.18926 0.01350 9.547e-05      0.0002807
r[1]     0.30858 0.03008 2.127e-04      0.0002230
r[2]     0.32272 0.03185 2.252e-04      0.0002260
r[3]     0.32118 0.03140 2.220e-04      0.0002169
r[4]     0.31391 0.03065 2.167e-04      0.0002167
r[5]     0.39778 0.04003 2.830e-04      0.0002830
r[6]     0.46462 0.04741 3.352e-04      0.0003352
r[7]     0.44190 0.04467 3.159e-04      0.0003159
r[8]     0.44890 0.04535 3.207e-04      0.0003337
r[9]     0.44620 0.04537 3.208e-04      0.0003208
r[10]    0.48574 0.04949 3.499e-04      0.0003499
r[11]    0.46361 0.04742 3.353e-04      0.0003397
r[12]    0.41005 0.04160 2.941e-04      0.0002986
r[13]    0.45276 0.04555 3.221e-04      0.0003221
r[14]    0.45755 0.04642 3.283e-04      0.0003283
r[15]    0.45861 0.04665 3.298e-04      0.0003298
r[16]    0.44691 0.04507 3.187e-04      0.0003187
r[17]    0.46587 0.04755 3.362e-04      0.0003362
r[18]    0.44877 0.04518 3.195e-04      0.0003294
r[19]    0.43920 0.04443 3.142e-04      0.0003260
r[20]    0.44359 0.04479 3.167e-04      0.0003167
r[21]    0.42720 0.04309 3.047e-04      0.0003047
r[22]    0.46825 0.04793 3.389e-04      0.0003389
r[23]    0.47324 0.04838 3.421e-04      0.0003421
r[24]    0.45555 0.04636 3.278e-04      0.0003278
r[25]    0.47001 0.04749 3.358e-04      0.0003358
r[26]    0.44731 0.04550 3.217e-04      0.0003217
r[27]    0.44652 0.04510 3.189e-04      0.0003189
r[28]    0.42273 0.04225 2.988e-04      0.0002988
r[29]    0.45302 0.04587 3.244e-04      0.0003244
r[30]    0.44805 0.04528 3.202e-04      0.0003202
r[31]    0.45149 0.04596 3.250e-04      0.0003297
r[32]    0.46471 0.04752 3.360e-04      0.0003360
r[33]    0.43903 0.04500 3.182e-04      0.0003182
r[34]    0.46877 0.04786 3.385e-04      0.0003385
r[35]    0.47271 0.04841 3.423e-04      0.0003423
r[36]    0.46947 0.04782 3.381e-04      0.0003381
r[37]    0.45032 0.04582 3.240e-04      0.0003240
r[38]    0.45896 0.04649 3.288e-04      0.0003288
r[39]    0.46043 0.04711 3.331e-04      0.0003374
r[40]    0.46247 0.04690 3.316e-04      0.0003353
r[41]    0.45662 0.04597 3.251e-04      0.0003251
r[42]    0.45694 0.04620 3.267e-04      0.0003267
r[43]    0.44204 0.04510 3.189e-04      0.0003189
r[44]    0.43309 0.04348 3.074e-04      0.0003111
r[45]    0.44883 0.04528 3.202e-04      0.0003202
r[46]    0.49253 0.05060 3.578e-04      0.0003527
r[47]    0.45619 0.04582 3.240e-04      0.0003240
r[48]    0.48721 0.04982 3.523e-04      0.0003577
r[49]    0.50482 0.05146 3.639e-04      0.0003639
r[50]    0.52380 0.05353 3.785e-04      0.0003785
r[51]    0.51744 0.05340 3.776e-04      0.0003776
r[52]    0.52064 0.05356 3.788e-04      0.0003845
r[53]    0.48480 0.04926 3.483e-04      0.0003483
r[54]    0.49348 0.05024 3.553e-04      0.0003553
r[55]    0.48481 0.04957 3.505e-04      0.0003505
r[56]    0.44278 0.04427 3.130e-04      0.0003130
r[57]    0.45881 0.04653 3.290e-04      0.0003290
r[58]    0.46948 0.04731 3.345e-04      0.0003345
r[59]    0.46589 0.04702 3.325e-04      0.0003325
r[60]    0.42487 0.04227 2.989e-04      0.0002989
r[61]    0.47358 0.04788 3.385e-04      0.0003354
r[62]    0.44221 0.04392 3.106e-04      0.0003106
r[63]    0.47230 0.04798 3.393e-04      0.0003393
r[64]    0.53343 0.05446 3.851e-04      0.0003851
r[65]    0.44678 0.04501 3.183e-04      0.0003183
r[66]    0.51593 0.05219 3.690e-04      0.0003690
r[67]    0.48186 0.04837 3.420e-04      0.0003420
r[68]    0.46545 0.04627 3.272e-04      0.0003272
r[69]    0.51382 0.05162 3.650e-04      0.0003666
r[70]    0.51745 0.05167 3.654e-04      0.0003654
r[71]    0.59046 0.06129 4.334e-04      0.0004334
r[72]    0.55290 0.05686 4.021e-04      0.0004075
r[73]    0.55903 0.05722 4.046e-04      0.0004046
r[74]    0.53853 0.05483 3.877e-04      0.0003877
r[75]    0.54866 0.05585 3.949e-04      0.0003949
r[76]    0.51022 0.05132 3.629e-04      0.0003629
r[77]    0.56447 0.05794 4.097e-04      0.0004097
r[78]    0.49600 0.04940 3.493e-04      0.0003493
r[79]    0.49544 0.04986 3.526e-04      0.0003526
r[80]    0.47746 0.04814 3.404e-04      0.0003404
r[81]    0.48896 0.04899 3.464e-04      0.0003464
r[82]    0.48837 0.04914 3.475e-04      0.0003475
r[83]    0.41930 0.04135 2.924e-04      0.0002924
r[84]    0.46009 0.04645 3.285e-04      0.0003285
r[85]    0.46355 0.04684 3.312e-04      0.0003313
r[86]    0.51540 0.05238 3.704e-04      0.0003763
r[87]    0.48380 0.04890 3.458e-04      0.0003478
r[88]    0.47134 0.04761 3.366e-04      0.0003366
r[89]    0.51653 0.05243 3.707e-04      0.0003761
r[90]    0.49313 0.05049 3.570e-04      0.0003570
r[91]    0.51679 0.05266 3.724e-04      0.0003724
r[92]    0.49734 0.05051 3.572e-04      0.0003535
r[93]    0.46490 0.04668 3.301e-04      0.0003369
r[94]    0.46495 0.04654 3.291e-04      0.0003291
r[95]    0.51342 0.05223 3.693e-04      0.0003693
r[96]    0.49188 0.04975 3.518e-04      0.0003596
r[97]    0.51079 0.05174 3.659e-04      0.0003659
r[98]    0.50336 0.05147 3.639e-04      0.0003697
r[99]    0.49469 0.05063 3.580e-04      0.0003580
r[100]   0.47218 0.04821 3.409e-04      0.0003453
r[101]   0.56203 0.05770 4.080e-04      0.0004080
r[102]   0.52010 0.05240 3.705e-04      0.0003746
r[103]   0.49604 0.05099 3.605e-04      0.0003605
r[104]   0.49154 0.04964 3.510e-04      0.0003510
r[105]   0.47172 0.04717 3.336e-04      0.0003336
r[106]   0.42047 0.04152 2.936e-04      0.0002867
r[107]   0.45199 0.04524 3.199e-04      0.0003176
r[108]   0.45609 0.04548 3.216e-04      0.0003175
r[109]   0.44314 0.04434 3.136e-04      0.0003136
r[110]   0.43716 0.04302 3.042e-04      0.0003063
r[111]   0.45841 0.04585 3.242e-04      0.0003242
r[112]   0.49409 0.04898 3.463e-04      0.0003542
r[113]   0.50835 0.05105 3.610e-04      0.0003610
r[114]   0.53116 0.05315 3.758e-04      0.0003803
r[115]   0.51442 0.05180 3.663e-04      0.0003663
r[116]   0.46086 0.04585 3.242e-04      0.0003242
r[117]   0.47892 0.04686 3.313e-04      0.0003313
r[118]   0.55353 0.05539 3.917e-04      0.0003964
r[119]   0.50066 0.04985 3.525e-04      0.0003525
r[120]   0.53259 0.05368 3.796e-04      0.0003796
r[121]   0.51976 0.05190 3.670e-04      0.0003903
r[122]   0.51196 0.05109 3.613e-04      0.0003613
r[123]   0.51918 0.05218 3.690e-04      0.0003690
r[124]   0.50560 0.05105 3.610e-04      0.0003610
r[125]   0.48224 0.04758 3.364e-04      0.0003364
r[126]   0.49566 0.04966 3.512e-04      0.0003533
r[127]   0.47199 0.04700 3.323e-04      0.0003323
r[128]   0.50362 0.05009 3.542e-04      0.0003542
r[129]   0.45559 0.04504 3.185e-04      0.0003185
r[130]   0.46837 0.04649 3.287e-04      0.0003287
r[131]   0.53207 0.05345 3.780e-04      0.0003780
r[132]   0.49707 0.04968 3.513e-04      0.0003513
r[133]   0.46678 0.04595 3.249e-04      0.0003300
r[134]   0.45319 0.04480 3.168e-04      0.0003338
r[135]   0.49622 0.04968 3.513e-04      0.0003513
r[136]   0.44494 0.04371 3.090e-04      0.0003090
r[137]   0.45373 0.04491 3.175e-04      0.0003175
r[138]   0.51577 0.05163 3.651e-04      0.0003651
r[139]   0.48332 0.04781 3.380e-04      0.0003286
r[140]   0.47743 0.04711 3.331e-04      0.0003331
r[141]   0.48956 0.04868 3.442e-04      0.0003442
r[142]   0.50557 0.05033 3.559e-04      0.0003559
r[143]   0.53127 0.05289 3.740e-04      0.0003740
r[144]   0.56577 0.05691 4.024e-04      0.0004090
r[145]   0.52921 0.05255 3.716e-04      0.0003673
r[146]   0.54154 0.05484 3.878e-04      0.0003878
r[147]   0.47329 0.04698 3.322e-04      0.0003322
r[148]   0.45816 0.04512 3.191e-04      0.0003191
r[149]   0.50694 0.05071 3.586e-04      0.0003586
r[150]   0.49112 0.04852 3.431e-04      0.0003431
r[151]   0.46362 0.04577 3.236e-04      0.0003236
r[152]   0.50796 0.05067 3.583e-04      0.0003587
r[153]   0.47785 0.04778 3.379e-04      0.0003379
r[154]   0.51333 0.05122 3.622e-04      0.0003622
r[155]   0.47070 0.04634 3.277e-04      0.0003277
r[156]   0.53757 0.05450 3.854e-04      0.0003826
r[157]   0.52527 0.05218 3.690e-04      0.0003690
r[158]   0.54940 0.05563 3.934e-04      0.0003934
r[159]   0.46402 0.04573 3.233e-04      0.0003346
r[160]   0.49738 0.04979 3.521e-04      0.0003521
r[161]   0.49666 0.04969 3.514e-04      0.0003514
r[162]   0.48873 0.04869 3.443e-04      0.0003445
r[163]   0.47019 0.04695 3.320e-04      0.0003320
r[164]   0.44708 0.04379 3.096e-04      0.0003096
r[165]   0.47585 0.04738 3.350e-04      0.0003350
r[166]   0.44868 0.04386 3.101e-04      0.0003101
r[167]   0.47443 0.04660 3.295e-04      0.0003295
r[168]   0.43522 0.04291 3.034e-04      0.0003034
r[169]   0.50566 0.05035 3.561e-04      0.0003370
r[170]   0.46800 0.04586 3.243e-04      0.0003243
r[171]   0.51138 0.05079 3.592e-04      0.0003592
r[172]   0.46963 0.04669 3.302e-04      0.0003302
r[173]   0.45832 0.04521 3.197e-04      0.0003197
r[174]   0.46304 0.04546 3.214e-04      0.0003214
r[175]   0.46931 0.04652 3.290e-04      0.0003325
r[176]   0.50273 0.05049 3.570e-04      0.0003570
r[177]   0.50296 0.04989 3.527e-04      0.0003527
r[178]   0.52378 0.05242 3.707e-04      0.0003641
r[179]   0.52183 0.05257 3.717e-04      0.0003717
r[180]   0.52146 0.05211 3.685e-04      0.0003640
r[181]   0.50983 0.05064 3.581e-04      0.0003617
r[182]   0.55080 0.05591 3.954e-04      0.0003954
r[183]   0.54243 0.05436 3.844e-04      0.0003903
r[184]   0.45801 0.04487 3.173e-04      0.0003173
r[185]   0.49315 0.04907 3.470e-04      0.0003470
r[186]   0.57166 0.05768 4.079e-04      0.0004079
r[187]   0.54870 0.05540 3.917e-04      0.0003917
r[188]   0.51391 0.05131 3.628e-04      0.0003628
r[189]   0.55146 0.05486 3.879e-04      0.0003961
r[190]   0.56594 0.05713 4.039e-04      0.0004099
r[191]   0.49435 0.04930 3.486e-04      0.0003661
r[192]   0.52776 0.05274 3.729e-04      0.0003729
r[193]   0.41462 0.04055 2.867e-04      0.0002867
r[194]   0.38409 0.03743 2.646e-04      0.0002646
r[195]   0.43674 0.04255 3.009e-04      0.0003009
r[196]   0.42121 0.04126 2.917e-04      0.0002989
r[197]   0.41556 0.04058 2.870e-04      0.0002836
r[198]   0.47063 0.04651 3.289e-04      0.0003306
r[199]   0.45601 0.04490 3.175e-04      0.0003141
r[200]   0.41699 0.04070 2.878e-04      0.0002878
r[201]   0.48428 0.04770 3.373e-04      0.0003373
r[202]   0.45914 0.04535 3.206e-04      0.0003231
r[203]   0.44945 0.04407 3.116e-04      0.0003116
r[204]   0.48184 0.04771 3.373e-04      0.0003373
r[205]   0.50016 0.04990 3.528e-04      0.0003556
r[206]   0.45938 0.04497 3.180e-04      0.0003180
r[207]   0.47547 0.04727 3.343e-04      0.0003343
r[208]   0.45585 0.04470 3.161e-04      0.0003161
r[209]   0.46432 0.04583 3.241e-04      0.0003241
r[210]   0.46680 0.04588 3.245e-04      0.0003245
r[211]   0.47130 0.04640 3.281e-04      0.0003281
r[212]   0.45107 0.04452 3.148e-04      0.0003148
r[213]   0.47175 0.04620 3.267e-04      0.0003267
r[214]   0.47004 0.04627 3.271e-04      0.0003290
r[215]   0.43755 0.04286 3.030e-04      0.0003030
r[216]   0.45313 0.04455 3.150e-04      0.0003150
r[217]   0.43143 0.04220 2.984e-04      0.0003056
r[218]   0.43926 0.04315 3.051e-04      0.0003019
r[219]   0.47005 0.04643 3.283e-04      0.0003283
r[220]   0.49098 0.04847 3.427e-04      0.0003427
r[221]   0.51059 0.05040 3.564e-04      0.0003564
r[222]   0.43754 0.04288 3.032e-04      0.0003032
r[223]   0.39910 0.03867 2.734e-04      0.0002731
r[224]   0.41109 0.03995 2.825e-04      0.0002825
r[225]   0.44313 0.04319 3.054e-04      0.0003103
r[226]   0.46241 0.04560 3.224e-04      0.0003224
r[227]   0.48596 0.04773 3.375e-04      0.0003436
r[228]   0.40736 0.03911 2.765e-04      0.0002765
r[229]   0.37214 0.03575 2.528e-04      0.0002528
r[230]   0.41089 0.03986 2.819e-04      0.0002819
r[231]   0.43709 0.04335 3.065e-04      0.0003068
r[232]   0.43594 0.04252 3.006e-04      0.0003006
r[233]   0.43366 0.04217 2.982e-04      0.0003013
r[234]   0.41644 0.04018 2.841e-04      0.0002879
r[235]   0.42763 0.04140 2.927e-04      0.0003025
r[236]   0.40971 0.04018 2.841e-04      0.0002791
r[237]   0.41956 0.04108 2.905e-04      0.0002948
r[238]   0.46559 0.04617 3.264e-04      0.0003264
r[239]   0.47361 0.04651 3.289e-04      0.0003305
r[240]   0.45075 0.04422 3.127e-04      0.0003089
r[241]   0.39118 0.03739 2.644e-04      0.0002679
 [ reached getOption("max.print") -- omitted 63 rows ]

2. Quantiles for each variable:

            2.5%      25%      50%     75%     97.5%
beta[1]  1.57079  1.63090  1.66336  1.6974  1.759781
beta[2]  1.43330  1.47291  1.49385  1.5137  1.550432
beta[3] -0.59508 -0.55301 -0.53040 -0.5085 -0.465588
beta[4] -0.27530 -0.22674 -0.20181 -0.1767 -0.129443
beta[5]  2.30324  2.38182  2.42369  2.4665  2.542408
beta[6] -0.05268 -0.03483 -0.02514 -0.0152  0.004623
beta[7] -0.93045 -0.87941 -0.85282 -0.8280 -0.777868
beta[8]  1.05688  1.11736  1.14846  1.1806  1.244250
beta[9]  0.18030  0.18933  0.162745 0.19826 0.215931
r[1]     0.25209  0.28786  0.30801  0.3282  0.370827
r[2]     0.26449  0.30046  0.32128  0.3435  0.388836
r[3]     0.26306  0.29954  0.31989  0.3416  0.386921
r[4]     0.25718  0.29287  0.31271  0.3339  0.377080
r[5]     0.32387  0.36997  0.39632  0.4234  0.480990
r[6]     0.37694  0.43133  0.46283  0.4958  0.563472
r[7]     0.35912  0.41105  0.43994  0.4710  0.534400
r[8]     0.36449  0.41792  0.44683  0.4780  0.542958
r[9]     0.36209  0.41480  0.44478  0.4757  0.539086
r[10]    0.39393  0.45158  0.48356  0.5181  0.588626
r[11]    0.37663  0.43071  0.46199  0.4946  0.561944
r[12]    0.33386  0.38103  0.40865  0.4366  0.497340
r[13]    0.36924  0.42089  0.45066  0.4825  0.547163
r[14]    0.37120  0.42567  0.45597  0.4876  0.554573
r[15]    0.37307  0.42603  0.45663  0.4893  0.554909
r[16]    0.36364  0.41567  0.44569  0.4765  0.540468
r[17]    0.37835  0.43283  0.46390  0.4967  0.565491
r[18]    0.36666  0.41727  0.44667  0.4781  0.542610
r[19]    0.35746  0.40841  0.43713  0.4682  0.532056
r[20]    0.36147  0.41217  0.44179  0.4727  0.536798
r[21]    0.34719  0.39701  0.42591  0.4556  0.515263
r[22]    0.37942  0.43541  0.46603  0.4987  0.568598
r[23]    0.38324  0.44011  0.47148  0.5042  0.574891
r[24]    0.37057  0.42329  0.45362  0.4854  0.550802
r[25]    0.38340  0.43703  0.46775  0.5006  0.569714
r[26]    0.36361  0.41533  0.44566  0.4770  0.541147
r[27]    0.36421  0.41488  0.44497  0.4760  0.539728
r[28]    0.34596  0.39367  0.42102  0.4500  0.511292
r[29]    0.36772  0.42144  0.45116  0.4827  0.548353
r[30]    0.36405  0.41629  0.44627  0.4772  0.542482
r[31]    0.36718  0.41912  0.44939  0.4814  0.546503
r[32]    0.37742  0.43156  0.46262  0.4958  0.564209
r[33]    0.35603  0.40798  0.43679  0.4685  0.532825
r[34]    0.38083  0.43557  0.46670  0.4999  0.568233
r[35]    0.38352  0.43943  0.47084  0.5037  0.573168
r[36]    0.38120  0.43582  0.46765  0.5010  0.567834
r[37]    0.36604  0.41858  0.44858  0.4795  0.547321
r[38]    0.37285  0.42690  0.45730  0.4895  0.554499
r[39]    0.37410  0.42766  0.45872  0.4907  0.557955
r[40]    0.37624  0.42999  0.46045  0.4935  0.559985
r[41]    0.37153  0.42499  0.45492  0.4862  0.551483
r[42]    0.37110  0.42532  0.45516  0.4863  0.553263
r[43]    0.35991  0.41092  0.43988  0.4712  0.534890
r[44]    0.35308  0.40311  0.43131  0.4614  0.523940
r[45]    0.36550  0.41748  0.44712  0.4786  0.543114
r[46]    0.40004  0.45711  0.49025  0.5253  0.597972
r[47]    0.37185  0.42429  0.45453  0.4858  0.551542
r[48]    0.39548  0.45245  0.48550  0.5200  0.589939
r[49]    0.40836  0.46933  0.50346  0.5386  0.611251
r[50]    0.42525  0.48653  0.52128  0.5587  0.635666
r[51]    0.41873  0.48008  0.51556  0.5518  0.628057
r[52]    0.42122  0.48332  0.51851  0.5558  0.631253
r[53]    0.39451  0.45014  0.48294  0.5169  0.587861
r[54]    0.39986  0.45882  0.49150  0.5260  0.597550
r[55]    0.39291  0.45007  0.48322  0.5171  0.586606
r[56]    0.36105  0.41234  0.44130  0.4711  0.535105
r[57]    0.37277  0.42670  0.45732  0.4887  0.555484
r[58]    0.38301  0.43639  0.46748  0.5002  0.568306
r[59]    0.37926  0.43346  0.46406  0.4966  0.562702
r[60]    0.34645  0.39577  0.42323  0.4520  0.513071
r[61]    0.38535  0.44074  0.47121  0.5046  0.573222
r[62]    0.36080  0.41214  0.44043  0.4703  0.533818
r[63]    0.38361  0.43863  0.47001  0.5041  0.571771
r[64]    0.43228  0.49538  0.53127  0.5698  0.643544
r[65]    0.36400  0.41524  0.44484  0.4766  0.538748
r[66]    0.41933  0.48013  0.51316  0.5501  0.624902
r[67]    0.39323  0.44824  0.48026  0.5132  0.583209
r[68]    0.37889  0.43355  0.46391  0.4956  0.561773
r[69]    0.41807  0.47747  0.51213  0.5479  0.621042
r[70]    0.42251  0.48174  0.51542  0.5516  0.624425
r[71]    0.47689  0.54794  0.58801  0.6301  0.718474
r[72]    0.44811  0.51302  0.55016  0.5903  0.670654
r[73]    0.45443  0.51946  0.55662  0.5965  0.677064
r[74]    0.43710  0.50032  0.53645  0.5744  0.651119
r[75]    0.44595  0.50962  0.54657  0.5846  0.664225
r[76]    0.41580  0.47454  0.50845  0.5437  0.615652
r[77]    0.45877  0.52413  0.56164  0.6019  0.685599
r[78]    0.40396  0.46141  0.49432  0.5282  0.596681
r[79]    0.40299  0.46088  0.49372  0.5280  0.598785
r[80]    0.38890  0.44394  0.47562  0.5085  0.577873
r[81]    0.39889  0.45513  0.48688  0.5204  0.590011
r[82]    0.39852  0.45414  0.48628  0.5205  0.590098
r[83]    0.34305  0.39097  0.41773  0.4458  0.505262
r[84]    0.37452  0.42815  0.45797  0.4899  0.556506
r[85]    0.37779  0.43098  0.46167  0.4939  0.560989
r[86]    0.41854  0.47909  0.51295  0.5495  0.624627
r[87]    0.39393  0.44982  0.48184  0.5155  0.583876
r[88]    0.38395  0.43813  0.46895  0.5024  0.569644
r[89]    0.42097  0.47968  0.51434  0.5502  0.624328
r[90]    0.40041  0.45805  0.49100  0.5264  0.597012
r[91]    0.41948  0.48001  0.51479  0.5514  0.625626
r[92]    0.40349  0.46226  0.49586  0.5305  0.601382
r[93]    0.37842  0.43285  0.46298  0.4957  0.560245
r[94]    0.37953  0.43281  0.46289  0.4952  0.562495
r[95]    0.41572  0.47741  0.51123  0.5471  0.621582
r[96]    0.40000  0.45702  0.49027  0.5242  0.594809
r[97]    0.41521  0.47455  0.50882  0.5454  0.617051
r[98]    0.40834  0.46758  0.50148  0.5366  0.610276
r[99]    0.40154  0.45979  0.49278  0.5266  0.599318
r[100]   0.38257  0.43891  0.47024  0.5035  0.571274
r[101]   0.45589  0.52247  0.55975  0.5995  0.683017
r[102]   0.42314  0.48386  0.51791  0.5539  0.629492
r[103]   0.40227  0.46076  0.49375  0.5287  0.602576
r[104]   0.40099  0.45702  0.48929  0.5231  0.595004
r[105]   0.38391  0.43939  0.47007  0.5024  0.568873
r[106]   0.34383  0.39182  0.41871  0.4475  0.505648
r[107]   0.36886  0.42053  0.45004  0.4814  0.546106
r[108]   0.37231  0.42457  0.45442  0.4855  0.549971
r[109]   0.36136  0.41241  0.44167  0.4715  0.536089
r[110]   0.35686  0.40748  0.43548  0.4650  0.526298
r[111]   0.37527  0.42647  0.45635  0.4885  0.553310
r[112]   0.40258  0.46044  0.49232  0.5260  0.595153
r[113]   0.41335  0.47305  0.50654  0.5411  0.614681
r[114]   0.43230  0.49426  0.52928  0.5661  0.640242
r[115]   0.41903  0.47845  0.51281  0.5484  0.621277
r[116]   0.37676  0.42890  0.45868  0.4905  0.555416
r[117]   0.39215  0.44614  0.47729  0.5093  0.576797
r[118]   0.45075  0.51555  0.55162  0.5898  0.667526
r[119]   0.40881  0.46587  0.49909  0.5332  0.602995
r[120]   0.43309  0.49565  0.53072  0.5681  0.642486
r[121]   0.42339  0.48415  0.51732  0.5532  0.627236
r[122]   0.41853  0.47654  0.50969  0.5451  0.618920
r[123]   0.42276  0.48259  0.51720  0.5528  0.627152
r[124]   0.41031  0.47031  0.50365  0.5388  0.611270
r[125]   0.39443  0.44918  0.48053  0.5132  0.580327
r[126]   0.40460  0.46128  0.49340  0.5276  0.599272
r[127]   0.38535  0.43916  0.47006  0.5021  0.569475
r[128]   0.41048  0.46910  0.50198  0.5362  0.605963
r[129]   0.37228  0.42435  0.45371  0.4847  0.549500
r[130]   0.38274  0.43576  0.46664  0.4985  0.564624
r[131]   0.43201  0.49532  0.53006  0.5676  0.640822
r[132]   0.40446  0.46297  0.49517  0.5292  0.601515
r[133]   0.38142  0.43487  0.46550  0.4969  0.561433
r[134]   0.36990  0.42213  0.45120  0.4828  0.545713
r[135]   0.40476  0.46185  0.49405  0.5288  0.598413
r[136]   0.36492  0.41461  0.44331  0.4732  0.536036
r[137]   0.37124  0.42257  0.45198  0.4830  0.546556
r[138]   0.42128  0.48033  0.51390  0.5491  0.622968
r[139]   0.39487  0.45040  0.48165  0.5150  0.581381
r[140]   0.38955  0.44468  0.47602  0.5085  0.574066
r[141]   0.39924  0.45568  0.48799  0.5209  0.590305
r[142]   0.41389  0.47002  0.50342  0.5385  0.609534
r[143]   0.43268  0.49479  0.52942  0.5659  0.639480
r[144]   0.46049  0.52659  0.56326  0.6025  0.683522
r[145]   0.43333  0.49229  0.52729  0.5632  0.639119
r[146]   0.44065  0.50338  0.53990  0.5778  0.653166
r[147]   0.38652  0.44084  0.47164  0.5038  0.571085
r[148]   0.37518  0.42691  0.45635  0.4875  0.551245
r[149]   0.41247  0.47162  0.50531  0.5399  0.612852
r[150]   0.40119  0.45717  0.48939  0.5227  0.591744
r[151]   0.37882  0.43196  0.46149  0.4932  0.557897
r[152]   0.41485  0.47240  0.50619  0.5414  0.613283
r[153]   0.38898  0.44482  0.47590  0.5091  0.576376
r[154]   0.41805  0.47782  0.51162  0.5469  0.618118
r[155]   0.38548  0.43852  0.46911  0.5005  0.566687
r[156]   0.43680  0.50002  0.53525  0.5733  0.650623
r[157]   0.42877  0.48944  0.52333  0.5591  0.631989
r[158]   0.44655  0.51060  0.54745  0.5850  0.665343
r[159]   0.37934  0.43231  0.46238  0.4938  0.557985
r[160]   0.40570  0.46287  0.49580  0.5299  0.599635
r[161]   0.40405  0.46193  0.49501  0.5292  0.598938
r[162]   0.39863  0.45516  0.48708  0.5204  0.588502
r[163]   0.38305  0.43757  0.46813  0.5012  0.567146
r[164]   0.36649  0.41672  0.44577  0.4758  0.537327
r[165]   0.38767  0.44325  0.47344  0.5070  0.573804
r[166]   0.36800  0.41861  0.44674  0.4770  0.540110
r[167]   0.38897  0.44194  0.47258  0.5050  0.570382
r[168]   0.35597  0.40533  0.43381  0.4635  0.524045
r[169]   0.41177  0.47098  0.50417  0.5387  0.609160
r[170]   0.38324  0.43633  0.46657  0.4982  0.562606
r[171]   0.41734  0.47624  0.50895  0.5447  0.615688
r[172]   0.38311  0.43692  0.46793  0.4996  0.566538
r[173]   0.37553  0.42669  0.45661  0.4878  0.552583
r[174]   0.37904  0.43160  0.46157  0.4923  0.556990
r[175]   0.38361  0.43727  0.46713  0.4997  0.566351
r[176]   0.40877  0.46837  0.50058  0.5358  0.607858
r[177]   0.41032  0.46839  0.50068  0.5360  0.605934
r[178]   0.42670  0.48738  0.52181  0.5582  0.631798
r[179]   0.42374  0.48548  0.52014  0.5561  0.631062
r[180]   0.42498  0.48526  0.51961  0.5555  0.629337
r[181]   0.41646  0.47467  0.50760  0.5426  0.615845
r[182]   0.44716  0.51178  0.54853  0.5877  0.665093
r[183]   0.44127  0.50490  0.54055  0.5772  0.656928
r[184]   0.37478  0.42680  0.45648  0.4873  0.550730
r[185]   0.40329  0.45933  0.49090  0.5244  0.595838
r[186]   0.46464  0.53166  0.56951  0.6092  0.691590
r[187]   0.44646  0.51022  0.54654  0.5847  0.663457
r[188]   0.41903  0.47818  0.51191  0.5472  0.620312
r[189]   0.44906  0.51358  0.54980  0.5871  0.664199
r[190]   0.46076  0.52562  0.56395  0.6034  0.682607
r[191]   0.40262  0.46022  0.49274  0.5261  0.596802
 [ reached getOption("max.print") -- omitted 113 rows ]


Iterations = 5005:105000
Thinning interval = 5 
Number of chains = 1 
Sample size per chain = 20000 

1. Empirical mean and standard deviation for each variable,
   plus standard error of the mean:

            Mean      SD  Naive SE Time-series SE
beta[1]  1.67095 0.04434 0.0003135      0.0040431
beta[2]  1.49468 0.03111 0.0002200      0.0016514
beta[3] -0.53253 0.03307 0.0002338      0.0018179
beta[4] -0.20705 0.03486 0.0002465      0.0019398
beta[5]  2.41744 0.05791 0.0004095      0.0054790
beta[6] -0.02462 0.01429 0.0001010      0.0005357
beta[7] -0.85191 0.03867 0.0002734      0.0032378
beta[8]  1.14714 0.04703 0.0003325      0.0038997
beta[9]  0.18976 0.01318 0.0000932      0.0002692
r[1]     0.30813 0.03010 0.0002128      0.0002191
r[2]     0.32286 0.03159 0.0002234      0.0002234
r[3]     0.32142 0.03141 0.0002221      0.0002221
r[4]     0.31460 0.03068 0.0002170      0.0002200
r[5]     0.39743 0.04002 0.0002830      0.0002830
r[6]     0.46422 0.04735 0.0003348      0.0003348
r[7]     0.44135 0.04470 0.0003161      0.0003081
r[8]     0.44894 0.04542 0.0003211      0.0003211
r[9]     0.44559 0.04506 0.0003186      0.0003186
r[10]    0.48472 0.04932 0.0003487      0.0003512
r[11]    0.46384 0.04759 0.0003365      0.0003365
r[12]    0.41017 0.04135 0.0002924      0.0002924
r[13]    0.45258 0.04570 0.0003232      0.0003232
r[14]    0.45796 0.04681 0.0003310      0.0003364
r[15]    0.45900 0.04642 0.0003282      0.0003282
r[16]    0.44597 0.04530 0.0003203      0.0003203
r[17]    0.46562 0.04736 0.0003349      0.0003349
r[18]    0.44811 0.04535 0.0003207      0.0003244
r[19]    0.43898 0.04453 0.0003148      0.0003074
r[20]    0.44372 0.04518 0.0003195      0.0003195
r[21]    0.42735 0.04306 0.0003045      0.0003000
r[22]    0.46821 0.04770 0.0003373      0.0003413
r[23]    0.47322 0.04855 0.0003433      0.0003433
r[24]    0.45516 0.04611 0.0003260      0.0003260
r[25]    0.46980 0.04795 0.0003390      0.0003390
r[26]    0.44706 0.04530 0.0003203      0.0003203
r[27]    0.44621 0.04517 0.0003194      0.0003194
r[28]    0.42367 0.04273 0.0003021      0.0003026
r[29]    0.45339 0.04625 0.0003271      0.0003271
r[30]    0.44764 0.04518 0.0003195      0.0003195
r[31]    0.45100 0.04585 0.0003242      0.0003194
r[32]    0.46423 0.04706 0.0003328      0.0003328
r[33]    0.43879 0.04428 0.0003131      0.0003131
r[34]    0.46842 0.04758 0.0003364      0.0003364
r[35]    0.47252 0.04796 0.0003392      0.0003392
r[36]    0.46933 0.04814 0.0003404      0.0003404
r[37]    0.45051 0.04551 0.0003218      0.0003218
r[38]    0.45895 0.04657 0.0003293      0.0003368
r[39]    0.45998 0.04688 0.0003315      0.0003315
r[40]    0.46290 0.04699 0.0003323      0.0003323
r[41]    0.45583 0.04626 0.0003271      0.0003366
r[42]    0.45671 0.04626 0.0003271      0.0003316
r[43]    0.44204 0.04468 0.0003159      0.0003171
r[44]    0.43230 0.04342 0.0003071      0.0003102
r[45]    0.44826 0.04517 0.0003194      0.0003228
r[46]    0.49322 0.05039 0.0003563      0.0003563
r[47]    0.45703 0.04610 0.0003260      0.0003260
r[48]    0.48624 0.04964 0.0003510      0.0003510
r[49]    0.50473 0.05167 0.0003654      0.0003654
r[50]    0.52452 0.05389 0.0003811      0.0003869
r[51]    0.51689 0.05284 0.0003736      0.0003736
r[52]    0.52023 0.05368 0.0003796      0.0003796
r[53]    0.48540 0.04900 0.0003465      0.0003465
r[54]    0.49341 0.05025 0.0003553      0.0003553
r[55]    0.48440 0.04867 0.0003442      0.0003442
r[56]    0.44211 0.04396 0.0003108      0.0003108
r[57]    0.45811 0.04587 0.0003243      0.0003295
r[58]    0.46990 0.04758 0.0003365      0.0003365
r[59]    0.46529 0.04666 0.0003299      0.0003299
r[60]    0.42438 0.04202 0.0002972      0.0002972
r[61]    0.47419 0.04752 0.0003360      0.0003360
r[62]    0.44170 0.04402 0.0003113      0.0003113
r[63]    0.47193 0.04774 0.0003376      0.0003376
r[64]    0.53368 0.05442 0.0003848      0.0003848
r[65]    0.44668 0.04486 0.0003172      0.0003172
r[66]    0.51575 0.05291 0.0003741      0.0003741
r[67]    0.48135 0.04881 0.0003452      0.0003452
r[68]    0.46527 0.04628 0.0003272      0.0003175
r[69]    0.51375 0.05158 0.0003648      0.0003648
r[70]    0.51672 0.05262 0.0003721      0.0003721
r[71]    0.59069 0.06127 0.0004332      0.0004332
r[72]    0.55313 0.05669 0.0004008      0.0003884
r[73]    0.55849 0.05705 0.0004034      0.0003985
r[74]    0.53868 0.05430 0.0003840      0.0003840
r[75]    0.54767 0.05514 0.0003899      0.0003899
r[76]    0.51061 0.05212 0.0003686      0.0003805
r[77]    0.56444 0.05807 0.0004106      0.0004106
r[78]    0.49616 0.04943 0.0003495      0.0003544
r[79]    0.49566 0.05014 0.0003546      0.0003546
r[80]    0.47745 0.04783 0.0003382      0.0003382
r[81]    0.48874 0.04909 0.0003471      0.0003555
r[82]    0.48710 0.04918 0.0003477      0.0003477
r[83]    0.41930 0.04154 0.0002937      0.0002937
r[84]    0.46014 0.04692 0.0003318      0.0003318
r[85]    0.46347 0.04677 0.0003307      0.0003441
r[86]    0.51443 0.05281 0.0003734      0.0003870
r[87]    0.48403 0.04900 0.0003465      0.0003465
r[88]    0.47069 0.04780 0.0003380      0.0003380
r[89]    0.51659 0.05269 0.0003725      0.0003777
r[90]    0.49266 0.05000 0.0003535      0.0003535
r[91]    0.51631 0.05253 0.0003714      0.0003702
r[92]    0.49788 0.05100 0.0003606      0.0003529
r[93]    0.46498 0.04634 0.0003277      0.0003365
r[94]    0.46523 0.04706 0.0003328      0.0003328
r[95]    0.51442 0.05264 0.0003722      0.0003722
r[96]    0.49147 0.05028 0.0003555      0.0003555
r[97]    0.51126 0.05237 0.0003703      0.0003703
r[98]    0.50303 0.05164 0.0003652      0.0003652
r[99]    0.49436 0.05031 0.0003557      0.0003597
r[100]   0.47237 0.04774 0.0003376      0.0003376
r[101]   0.56085 0.05778 0.0004085      0.0004181
r[102]   0.51973 0.05294 0.0003744      0.0003744
r[103]   0.49662 0.04996 0.0003532      0.0003532
r[104]   0.49128 0.04991 0.0003529      0.0003614
r[105]   0.47134 0.04747 0.0003356      0.0003356
r[106]   0.42125 0.04151 0.0002935      0.0002935
r[107]   0.45120 0.04507 0.0003187      0.0003187
r[108]   0.45629 0.04579 0.0003238      0.0003313
r[109]   0.44287 0.04436 0.0003137      0.0003058
r[110]   0.43656 0.04318 0.0003054      0.0003054
r[111]   0.45887 0.04571 0.0003232      0.0003232
r[112]   0.49394 0.04980 0.0003522      0.0003522
r[113]   0.50856 0.05078 0.0003591      0.0003591
r[114]   0.53139 0.05289 0.0003740      0.0003740
r[115]   0.51396 0.05147 0.0003640      0.0003640
r[116]   0.46175 0.04584 0.0003242      0.0003242
r[117]   0.47927 0.04755 0.0003362      0.0003358
r[118]   0.55367 0.05545 0.0003921      0.0003921
r[119]   0.50136 0.04996 0.0003533      0.0003533
r[120]   0.53278 0.05339 0.0003775      0.0003775
r[121]   0.51963 0.05193 0.0003672      0.0003662
r[122]   0.51206 0.05130 0.0003627      0.0003627
r[123]   0.51859 0.05167 0.0003654      0.0003654
r[124]   0.50589 0.05048 0.0003569      0.0003569
r[125]   0.48226 0.04757 0.0003364      0.0003536
r[126]   0.49509 0.04959 0.0003507      0.0003507
r[127]   0.47137 0.04649 0.0003288      0.0003288
r[128]   0.50330 0.05052 0.0003572      0.0003680
r[129]   0.45628 0.04504 0.0003185      0.0003105
r[130]   0.46798 0.04687 0.0003314      0.0003314
r[131]   0.53268 0.05363 0.0003792      0.0003792
r[132]   0.49728 0.04966 0.0003512      0.0003512
r[133]   0.46689 0.04629 0.0003273      0.0003273
r[134]   0.45282 0.04452 0.0003148      0.0003148
r[135]   0.49539 0.04930 0.0003486      0.0003346
r[136]   0.44541 0.04364 0.0003086      0.0003086
r[137]   0.45442 0.04437 0.0003137      0.0003137
r[138]   0.51590 0.05161 0.0003649      0.0003698
r[139]   0.48328 0.04770 0.0003373      0.0003373
r[140]   0.47760 0.04688 0.0003315      0.0003315
r[141]   0.48902 0.04864 0.0003440      0.0003483
r[142]   0.50474 0.05051 0.0003571      0.0003571
r[143]   0.53109 0.05363 0.0003792      0.0003792
r[144]   0.56537 0.05671 0.0004010      0.0004010
r[145]   0.52948 0.05260 0.0003719      0.0003679
r[146]   0.54083 0.05478 0.0003874      0.0003831
r[147]   0.47349 0.04751 0.0003359      0.0003359
r[148]   0.45844 0.04510 0.0003189      0.0003154
r[149]   0.50710 0.05071 0.0003586      0.0003586
r[150]   0.49078 0.04840 0.0003422      0.0003422
r[151]   0.46395 0.04557 0.0003222      0.0003222
r[152]   0.50803 0.05077 0.0003590      0.0003590
r[153]   0.47798 0.04710 0.0003330      0.0003358
r[154]   0.51358 0.05132 0.0003629      0.0003629
r[155]   0.47083 0.04567 0.0003229      0.0003229
r[156]   0.53722 0.05416 0.0003830      0.0003830
r[157]   0.52487 0.05218 0.0003690      0.0003690
r[158]   0.54938 0.05546 0.0003921      0.0003921
r[159]   0.46412 0.04570 0.0003231      0.0003393
r[160]   0.49761 0.04941 0.0003494      0.0003494
r[161]   0.49714 0.04923 0.0003481      0.0003481
r[162]   0.48899 0.04838 0.0003421      0.0003421
r[163]   0.47056 0.04709 0.0003330      0.0003330
r[164]   0.44645 0.04353 0.0003078      0.0003078
r[165]   0.47493 0.04728 0.0003343      0.0003343
r[166]   0.44785 0.04380 0.0003097      0.0003097
r[167]   0.47494 0.04681 0.0003310      0.0003310
r[168]   0.43604 0.04300 0.0003040      0.0003040
r[169]   0.50595 0.05046 0.0003568      0.0003526
r[170]   0.46712 0.04623 0.0003269      0.0003269
r[171]   0.51252 0.05051 0.0003572      0.0003621
r[172]   0.46986 0.04636 0.0003278      0.0003278
r[173]   0.45843 0.04507 0.0003187      0.0003187
r[174]   0.46186 0.04568 0.0003230      0.0003230
r[175]   0.46982 0.04646 0.0003285      0.0003285
r[176]   0.50218 0.04997 0.0003533      0.0003630
r[177]   0.50273 0.05040 0.0003564      0.0003564
r[178]   0.52457 0.05259 0.0003719      0.0003719
r[179]   0.52153 0.05265 0.0003723      0.0003723
r[180]   0.52101 0.05260 0.0003720      0.0003720
r[181]   0.50947 0.05080 0.0003592      0.0003592
r[182]   0.55185 0.05552 0.0003926      0.0003926
r[183]   0.54166 0.05437 0.0003844      0.0003910
r[184]   0.45743 0.04495 0.0003179      0.0003179
r[185]   0.49351 0.04910 0.0003472      0.0003514
r[186]   0.57268 0.05788 0.0004093      0.0004093
r[187]   0.54927 0.05523 0.0003905      0.0003905
r[188]   0.51461 0.05076 0.0003589      0.0003589
r[189]   0.55164 0.05521 0.0003904      0.0003904
r[190]   0.56596 0.05713 0.0004040      0.0004094
r[191]   0.49480 0.04944 0.0003496      0.0003496
r[192]   0.52846 0.05294 0.0003743      0.0003743
r[193]   0.41402 0.04018 0.0002841      0.0002771
r[194]   0.38414 0.03687 0.0002607      0.0002607
r[195]   0.43683 0.04245 0.0003002      0.0003002
r[196]   0.42161 0.04109 0.0002905      0.0002905
r[197]   0.41588 0.04052 0.0002865      0.0002865
r[198]   0.47094 0.04686 0.0003314      0.0003314
r[199]   0.45543 0.04482 0.0003169      0.0003169
r[200]   0.41687 0.04064 0.0002874      0.0002874
r[201]   0.48439 0.04823 0.0003410      0.0003410
r[202]   0.45956 0.04519 0.0003195      0.0003245
r[203]   0.44908 0.04384 0.0003100      0.0003100
r[204]   0.48122 0.04729 0.0003344      0.0003376
r[205]   0.50009 0.05039 0.0003563      0.0003603
r[206]   0.45908 0.04471 0.0003162      0.0003162
r[207]   0.47533 0.04706 0.0003328      0.0003328
r[208]   0.45716 0.04546 0.0003214      0.0003214
r[209]   0.46454 0.04597 0.0003251      0.0003316
r[210]   0.46752 0.04570 0.0003232      0.0003159
r[211]   0.47161 0.04665 0.0003298      0.0003298
r[212]   0.45154 0.04414 0.0003121      0.0003121
r[213]   0.47183 0.04701 0.0003324      0.0003324
r[214]   0.47019 0.04671 0.0003303      0.0003303
r[215]   0.43739 0.04289 0.0003033      0.0003033
r[216]   0.45250 0.04478 0.0003166      0.0003199
r[217]   0.43143 0.04277 0.0003024      0.0002964
r[218]   0.43942 0.04305 0.0003044      0.0003044
r[219]   0.47022 0.04615 0.0003263      0.0003263
r[220]   0.49109 0.04891 0.0003458      0.0003476
r[221]   0.51053 0.05055 0.0003574      0.0003574
r[222]   0.43754 0.04260 0.0003012      0.0003012
r[223]   0.39963 0.03845 0.0002719      0.0002719
r[224]   0.41054 0.04001 0.0002829      0.0002829
r[225]   0.44389 0.04365 0.0003086      0.0003086
r[226]   0.46198 0.04554 0.0003220      0.0003220
r[227]   0.48645 0.04874 0.0003446      0.0003366
r[228]   0.40721 0.03920 0.0002772      0.0002844
r[229]   0.37269 0.03618 0.0002559      0.0002559
r[230]   0.41061 0.03956 0.0002798      0.0002798
r[231]   0.43772 0.04270 0.0003020      0.0003020
r[232]   0.43592 0.04284 0.0003029      0.0003029
r[233]   0.43324 0.04210 0.0002977      0.0003029
r[234]   0.41623 0.04034 0.0002852      0.0002852
r[235]   0.42813 0.04212 0.0002979      0.0002979
r[236]   0.40994 0.04033 0.0002852      0.0002852
r[237]   0.41960 0.04083 0.0002887      0.0002887
r[238]   0.46650 0.04583 0.0003241      0.0003188
r[239]   0.47341 0.04687 0.0003314      0.0003314
r[240]   0.45067 0.04428 0.0003131      0.0003209
r[241]   0.39135 0.03760 0.0002658      0.0002658
 [ reached getOption("max.print") -- omitted 63 rows ]

2. Quantiles for each variable:

            2.5%      25%      50%      75%     97.5%
beta[1]  1.58066  1.64113  1.67335  1.70126  1.753482
beta[2]  1.43394  1.47374  1.49542  1.51562  1.555589
beta[3] -0.59713 -0.55502 -0.53275 -0.51085 -0.465833
beta[4] -0.27512 -0.23030 -0.20778 -0.18428 -0.135980
beta[5]  2.30062  2.38009  2.41686  2.45490  2.534217
beta[6] -0.05342 -0.03414 -0.02464 -0.01499  0.003136
beta[7] -0.93549 -0.87587 -0.85009 -0.82609 -0.780554
beta[8]  1.06188  1.11522  1.14466  1.17607  1.250383
beta[9]  0.18087  0.18984  0.164386 0.19885  0.215212
r[1]     0.25321  0.28714  0.30677  0.32763  0.370740
r[2]     0.26431  0.30082  0.32172  0.34358  0.387965
r[3]     0.26289  0.29977  0.32034  0.34169  0.386598
r[4]     0.25692  0.29351  0.31364  0.33461  0.377647
r[5]     0.32365  0.36946  0.39584  0.42365  0.480577
r[6]     0.37709  0.43116  0.46239  0.49431  0.563165
r[7]     0.35894  0.41035  0.43984  0.47012  0.534154
r[8]     0.36437  0.41768  0.44705  0.47853  0.544392
r[9]     0.36290  0.41426  0.44410  0.47446  0.539550
r[10]    0.39361  0.45041  0.48267  0.51701  0.586221
r[11]    0.37548  0.43102  0.46196  0.49442  0.563625
r[12]    0.33350  0.38168  0.40892  0.43700  0.495206
r[13]    0.36711  0.42103  0.45069  0.48258  0.546670
r[14]    0.37103  0.42545  0.45611  0.48890  0.553917
r[15]    0.37270  0.42703  0.45701  0.48894  0.554796
r[16]    0.36217  0.41454  0.44423  0.47547  0.540110
r[17]    0.37810  0.43262  0.46372  0.49677  0.563296
r[18]    0.36422  0.41702  0.44625  0.47754  0.542632
r[19]    0.35810  0.40780  0.43712  0.46754  0.532403
r[20]    0.36066  0.41218  0.44212  0.47320  0.536804
r[21]    0.34710  0.39741  0.42592  0.45530  0.516137
r[22]    0.37973  0.43498  0.46634  0.49956  0.566034
r[23]    0.38320  0.43989  0.47147  0.50475  0.573219
r[24]    0.37033  0.42305  0.45307  0.48493  0.550723
r[25]    0.38306  0.43625  0.46757  0.50097  0.569759
r[26]    0.36434  0.41557  0.44503  0.47634  0.540794
r[27]    0.36214  0.41512  0.44419  0.47586  0.539914
r[28]    0.34496  0.39396  0.42170  0.45123  0.512557
r[29]    0.36921  0.42122  0.45144  0.48348  0.550423
r[30]    0.36423  0.41619  0.44583  0.47668  0.542062
r[31]    0.36649  0.41912  0.44909  0.48071  0.546379
r[32]    0.37739  0.43149  0.46238  0.49508  0.560917
r[33]    0.35692  0.40805  0.43727  0.46738  0.530684
r[34]    0.38027  0.43535  0.46665  0.49941  0.566607
r[35]    0.38396  0.43940  0.47043  0.50385  0.572228
r[36]    0.38082  0.43588  0.46723  0.50065  0.569681
r[37]    0.36605  0.41888  0.44866  0.47999  0.543893
r[38]    0.37313  0.42679  0.45710  0.48945  0.555336
r[39]    0.37316  0.42748  0.45768  0.49022  0.557718
r[40]    0.37529  0.43062  0.46057  0.49380  0.559960
r[41]    0.36969  0.42378  0.45404  0.48597  0.551807
r[42]    0.37129  0.42493  0.45477  0.48654  0.551897
r[43]    0.36001  0.41082  0.44032  0.47098  0.535784
r[44]    0.35293  0.40207  0.43040  0.46041  0.522027
r[45]    0.36446  0.41703  0.44662  0.47765  0.541305
r[46]    0.40017  0.45887  0.49116  0.52587  0.597040
r[47]    0.37268  0.42496  0.45511  0.48681  0.553137
r[48]    0.39437  0.45175  0.48434  0.51886  0.588940
r[49]    0.40997  0.46874  0.50253  0.53832  0.612505
r[50]    0.42600  0.48758  0.52208  0.55925  0.636995
r[51]    0.42044  0.48046  0.51454  0.55134  0.626397
r[52]    0.42196  0.48325  0.51793  0.55518  0.630900
r[53]    0.39516  0.45118  0.48350  0.51716  0.587217
r[54]    0.40119  0.45827  0.49124  0.52634  0.597796
r[55]    0.39509  0.45062  0.48161  0.51645  0.586729
r[56]    0.36186  0.41153  0.44053  0.47092  0.532653
r[57]    0.37349  0.42584  0.45618  0.48803  0.551980
r[58]    0.38161  0.43727  0.46803  0.50079  0.567304
r[59]    0.37982  0.43267  0.46366  0.49577  0.561475
r[60]    0.34636  0.39537  0.42319  0.45177  0.511139
r[61]    0.38616  0.44108  0.47279  0.50524  0.571292
r[62]    0.36118  0.41149  0.43981  0.47001  0.533010
r[63]    0.38324  0.43913  0.46994  0.50311  0.570378
r[64]    0.43346  0.49553  0.53118  0.56922  0.646760
r[65]    0.36434  0.41553  0.44477  0.47561  0.541388
r[66]    0.41756  0.47894  0.51399  0.55060  0.623307
r[67]    0.39140  0.44742  0.47939  0.51285  0.583550
r[68]    0.37920  0.43346  0.46383  0.49556  0.561482
r[69]    0.41823  0.47791  0.51184  0.54752  0.619756
r[70]    0.42018  0.48012  0.51464  0.55049  0.624873
r[71]    0.47870  0.54787  0.58859  0.63042  0.717074
r[72]    0.44744  0.51443  0.55061  0.58993  0.670942
r[73]    0.45273  0.51877  0.55652  0.59614  0.674864
r[74]    0.43907  0.50094  0.53633  0.57407  0.650968
r[75]    0.44567  0.50895  0.54547  0.58354  0.661618
r[76]    0.41428  0.47434  0.50829  0.54452  0.619227
r[77]    0.45801  0.52397  0.56205  0.60222  0.685859
r[78]    0.40501  0.46199  0.49437  0.52838  0.599658
r[79]    0.40374  0.46069  0.49336  0.52853  0.599629
r[80]    0.38897  0.44390  0.47552  0.50899  0.576772
r[81]    0.39789  0.45451  0.48674  0.52055  0.591432
r[82]    0.39673  0.45303  0.48492  0.51881  0.589497
r[83]    0.34276  0.39066  0.41775  0.44628  0.504758
r[84]    0.37521  0.42746  0.45784  0.49068  0.557957
r[85]    0.37746  0.43113  0.46127  0.49439  0.560639
r[86]    0.41788  0.47783  0.51212  0.54842  0.624594
r[87]    0.39341  0.44983  0.48190  0.51582  0.585848
r[88]    0.38199  0.43767  0.46908  0.50127  0.570367
r[89]    0.41886  0.47971  0.51476  0.55122  0.625135
r[90]    0.40038  0.45832  0.48996  0.52523  0.596477
r[91]    0.41918  0.48010  0.51380  0.54986  0.626285
r[92]    0.40375  0.46294  0.49573  0.53046  0.605883
r[93]    0.37862  0.43307  0.46329  0.49531  0.561917
r[94]    0.37746  0.43293  0.46291  0.49607  0.562546
r[95]    0.41753  0.47813  0.51229  0.54840  0.623740
r[96]    0.39811  0.45702  0.48955  0.52409  0.595388
r[97]    0.41553  0.47503  0.50914  0.54526  0.619847
r[98]    0.40819  0.46672  0.50124  0.53634  0.610726
r[99]    0.40176  0.45964  0.49216  0.52664  0.599231
r[100]   0.38366  0.43917  0.47075  0.50347  0.570178
r[101]   0.45418  0.52073  0.55917  0.59840  0.679032
r[102]   0.42147  0.48282  0.51762  0.55401  0.628357
r[103]   0.40457  0.46231  0.49481  0.52905  0.600112
r[104]   0.39886  0.45659  0.48960  0.52365  0.593892
r[105]   0.38361  0.43808  0.46946  0.50236  0.569019
r[106]   0.34372  0.39275  0.41947  0.44835  0.506924
r[107]   0.36800  0.41993  0.44919  0.48071  0.543977
r[108]   0.37206  0.42451  0.45416  0.48631  0.551781
r[109]   0.36190  0.41195  0.44111  0.47142  0.534511
r[110]   0.35739  0.40646  0.43471  0.46448  0.525246
r[111]   0.37487  0.42673  0.45736  0.48878  0.553134
r[112]   0.40248  0.45952  0.49212  0.52641  0.595766
r[113]   0.41466  0.47367  0.50664  0.54200  0.612728
r[114]   0.43361  0.49479  0.52938  0.56563  0.642559
r[115]   0.41932  0.47835  0.51197  0.54691  0.621734
r[116]   0.37709  0.42964  0.46008  0.49170  0.556644
r[117]   0.39028  0.44607  0.47773  0.51062  0.577242
r[118]   0.45076  0.51484  0.55150  0.59000  0.666914
r[119]   0.40853  0.46658  0.49943  0.53370  0.604212
r[120]   0.43495  0.49546  0.53082  0.56738  0.643875
r[121]   0.42235  0.48390  0.51786  0.55330  0.626645
r[122]   0.41720  0.47652  0.51022  0.54554  0.618509
r[123]   0.42371  0.48280  0.51682  0.55175  0.625703
r[124]   0.41455  0.47101  0.50298  0.53939  0.610190
r[125]   0.39281  0.44906  0.48101  0.51340  0.578905
r[126]   0.40335  0.46076  0.49344  0.52745  0.597181
r[127]   0.38561  0.43900  0.46963  0.50165  0.568374
r[128]   0.40987  0.46836  0.50138  0.53628  0.608013
r[129]   0.37304  0.42505  0.45464  0.48550  0.550544
r[130]   0.38212  0.43578  0.46616  0.49850  0.563771
r[131]   0.43246  0.49601  0.53048  0.56740  0.642597
r[132]   0.40474  0.46265  0.49527  0.52985  0.600068
r[133]   0.38173  0.43502  0.46543  0.49671  0.561676
r[134]   0.36978  0.42200  0.45111  0.48178  0.543630
r[135]   0.40322  0.46151  0.49335  0.52717  0.596714
r[136]   0.36414  0.41515  0.44371  0.47381  0.534485
r[137]   0.37226  0.42361  0.45261  0.48305  0.546655
r[138]   0.41900  0.48067  0.51368  0.54973  0.621162
r[139]   0.39359  0.45058  0.48167  0.51418  0.581772
r[140]   0.39072  0.44500  0.47580  0.50810  0.573592
r[141]   0.39984  0.45522  0.48696  0.52057  0.589709
r[142]   0.41177  0.46933  0.50293  0.53786  0.608964
r[143]   0.43184  0.49393  0.52901  0.56627  0.642890
r[144]   0.45971  0.52638  0.56335  0.60332  0.682547
r[145]   0.43271  0.49259  0.52796  0.56398  0.638893
r[146]   0.43895  0.50317  0.53826  0.57667  0.654739
r[147]   0.38516  0.44072  0.47185  0.50449  0.570934
r[148]   0.37590  0.42749  0.45597  0.48804  0.552234
r[149]   0.41401  0.47177  0.50506  0.54026  0.612455
r[150]   0.40118  0.45733  0.48883  0.52225  0.590812
r[151]   0.37931  0.43230  0.46233  0.49401  0.556392
r[152]   0.41494  0.47291  0.50588  0.54128  0.612433
r[153]   0.39159  0.44527  0.47621  0.50844  0.574877
r[154]   0.41893  0.47870  0.51145  0.54718  0.619994
r[155]   0.38640  0.43919  0.46934  0.50144  0.564274
r[156]   0.43753  0.49921  0.53450  0.57228  0.649331
r[157]   0.42748  0.48790  0.52304  0.55867  0.633059
r[158]   0.44669  0.51128  0.54704  0.58588  0.663225
r[159]   0.38012  0.43243  0.46230  0.49343  0.558842
r[160]   0.40634  0.46293  0.49593  0.53000  0.599651
r[161]   0.40703  0.46282  0.49549  0.52895  0.599673
r[162]   0.39906  0.45529  0.48763  0.52051  0.588285
r[163]   0.38398  0.43819  0.46850  0.50116  0.567951
r[164]   0.36655  0.41604  0.44498  0.47501  0.536726
r[165]   0.38754  0.44194  0.47345  0.50608  0.572361
r[166]   0.36668  0.41766  0.44620  0.47606  0.538506
r[167]   0.38781  0.44276  0.47326  0.50552  0.570274
r[168]   0.35674  0.40637  0.43412  0.46375  0.524999
r[169]   0.41362  0.47039  0.50391  0.53897  0.611169
r[170]   0.38112  0.43519  0.46521  0.49720  0.562590
r[171]   0.41918  0.47733  0.51029  0.54576  0.616182
r[172]   0.38474  0.43737  0.46789  0.50000  0.566888
r[173]   0.37553  0.42718  0.45673  0.48796  0.551107
r[174]   0.37786  0.43049  0.46006  0.49173  0.555557
r[175]   0.38473  0.43753  0.46760  0.49995  0.565424
r[176]   0.40978  0.46787  0.50017  0.53430  0.606342
r[177]   0.40948  0.46780  0.50055  0.53568  0.607609
r[178]   0.42794  0.48769  0.52293  0.55892  0.633866
r[179]   0.42502  0.48444  0.51954  0.55574  0.630920
r[180]   0.42389  0.48487  0.51878  0.55486  0.629259
r[181]   0.41510  0.47421  0.50766  0.54277  0.613659
r[182]   0.45040  0.51339  0.54911  0.58703  0.667185
r[183]   0.44157  0.50399  0.53966  0.57695  0.653045
r[184]   0.37385  0.42639  0.45578  0.48619  0.551169
r[185]   0.40347  0.45914  0.49154  0.52561  0.595402
r[186]   0.46681  0.53263  0.57016  0.60984  0.693949
r[187]   0.44743  0.51052  0.54757  0.58541  0.662254
r[188]   0.41967  0.47929  0.51302  0.54739  0.620385
r[189]   0.44930  0.51327  0.54973  0.58760  0.665527
r[190]   0.46168  0.52655  0.56338  0.60308  0.684676
r[191]   0.40350  0.46045  0.49327  0.52668  0.596851
 [ reached getOption("max.print") -- omitted 113 rows ]

